[Setting]
BeginPosX=35.35951
BeginPosY=19.65941
SizeX=184.7405
SizeY=184.7406
Height=9.099944
