[Setting]
BeginPosX=8.789223
BeginPosY=9.807755
SizeX=70.85609
SizeY=70.8561
Height=-3.016112
