[Setting]
BeginPosX=11.33414
BeginPosY=11.73381
SizeX=170.2659
SizeY=170.2662
Height=-5.15815E-05
